9,9,81,32
0,0,8;
0,1,7;
0,2,6;
0,3,12;
0,4,13;
0,5,14;
0,6,15;
0,7,16;
0,8,17;
1,0,9;
1,1,10;
1,2,11;
1,3,5;
1,4,21;
1,5,20;
1,6,19;
1,7,18;
1,8,34;
2,0,25;
2,1,24;
2,2,23;
2,3,22;
2,4,4;
2,5,31;
2,6,32;
2,7,33;
2,8,35;
3,0,26;
3,1,27;
3,2,28;
3,3,29;
3,4,30;
3,5,3;
3,6,37;
3,7,36;
3,8,52;
4,0,43;
4,1,42;
4,2,41;
4,3,40;
4,4,39;
4,5,38;
4,6,2;
4,7,51;
4,8,53;
5,0,44;
5,1,45;
5,2,46;
5,3,47;
5,4,48;
5,5,49;
5,6,50;
5,7,1;
5,8,54;
6,0,62;
6,1,61;
6,2,60;
6,3,59;
6,4,58;
6,5,57;
6,6,56;
6,7,55;
6,8,71;
7,0,63;
7,1,64;
7,2,65;
7,3,66;
7,4,67;
7,5,68;
7,6,69;
7,7,70;
7,8,72;
8,0,81;
8,1,80;
8,2,79;
8,3,78;
8,4,77;
8,5,76;
8,6,75;
8,7,74;
8,8,73;
0.0